403280 1000 900 100
403281 1300 100 6
403282 1300 1200 6
403283 1800 100 2
403284 1800 1700 2
403285 1800 100 6
403286 1800 1700 6
404880 1400 600 100
404881 1400 600 10
404882 1000 200 2
404883 1000 600 2
404884 1000 800 2
404885 1400 200 2
404886 1400 600 2
404887 1400 1200 2
404888 1800 200 2
404889 1800 600 2
404890 1800 1600 2
404891 1400 600 0.5
404892 1000 200 6
404893 1000 600 6
404894 1000 800 6
404895 1400 200 6
404896 1400 600 6
404897 1400 1200 6
404898 1800 200 6
404899 1800 600 6
404900 1800 1600 6
