800 100 0.732875
800 200 0.767549
800 300 0.802223
800 400 0.836896
800 500 0.87157
800 600 0.906244
800 700 0.940918
800 800 0.975591
900 100 0.70751
900 200 0.740984
900 300 0.774457
900 400 0.807931
900 500 0.841405
900 600 0.874878
900 700 0.908352
900 800 0.941826
900 900 0.975299
1000 100 0.682145
1000 200 0.714418
1000 300 0.746692
1000 400 0.778965
1000 500 0.811239
1000 600 0.843513
1000 700 0.875786
1000 800 0.90806
1000 900 0.940334
1000 1000 0.972607
1100 100 0.656779
1100 200 0.687853
1100 300 0.718926
1100 400 0.75
1100 500 0.781074
1100 600 0.812147
1100 700 0.843221
1100 800 0.874294
1100 900 0.905368
1100 1000 0.936441
1100 1100 0.967515
1200 100 0.631414
1200 200 0.661288
1200 300 0.691161
1200 400 0.721035
1200 500 0.750908
1200 600 0.780782
1200 700 0.810655
1200 800 0.840528
1200 900 0.870402
1200 1000 0.900275
1200 1100 0.930149
1200 1200 0.960022
1300 100 0.606049
1300 200 0.634722
1300 300 0.663396
1300 400 0.692069
1300 500 0.720743
1300 600 0.749416
1300 700 0.778089
1300 800 0.806763
1300 900 0.835436
1300 1000 0.86411
1300 1100 0.892783
1300 1200 0.921456
1300 1300 0.95013
1400 100 0.580684
1400 200 0.608157
1400 300 0.63563
1400 400 0.663104
1400 500 0.690577
1400 600 0.71805
1400 700 0.745524
1400 800 0.772997
1400 900 0.80047
1400 1000 0.827944
1400 1100 0.855417
1400 1200 0.88289
1400 1300 0.910364
1400 1400 0.937837
1500 100 0.555319
1500 200 0.581592
1500 300 0.607865
1500 400 0.634138
1500 500 0.660412
1500 600 0.686685
1500 700 0.712958
1500 800 0.739231
1500 900 0.765504
1500 1000 0.791778
1500 1100 0.818051
1500 1200 0.844324
1500 1300 0.870597
1500 1400 0.896871
1500 1500 0.923144
1600 100 0.529953
1600 200 0.555027
1600 300 0.5801
1600 400 0.605173
1600 500 0.630246
1600 600 0.655319
1600 700 0.680392
1600 800 0.705465
1600 900 0.730539
1600 1000 0.755612
1600 1100 0.780685
1600 1200 0.805758
1600 1300 0.830831
1600 1400 0.855904
1600 1500 0.880978
1600 1600 0.906051
1700 100 0.504588
1700 200 0.528461
1700 300 0.552334
1700 400 0.576207
1700 500 0.600081
1700 600 0.623954
1700 700 0.647827
1700 800 0.6717
1700 900 0.695573
1700 1000 0.719446
1700 1100 0.743319
1700 1200 0.767192
1700 1300 0.791065
1700 1400 0.814938
1700 1500 0.838811
1700 1600 0.862684
1700 1700 0.886557
1800 100 0.479223
1800 200 0.501896
1800 300 0.524569
1800 400 0.547242
1800 500 0.569915
1800 600 0.592588
1800 700 0.615261
1800 800 0.637934
1800 900 0.660607
1800 1000 0.68328
1800 1100 0.705953
1800 1200 0.728626
1800 1300 0.751299
1800 1400 0.773972
1800 1500 0.796645
1800 1600 0.819318
1800 1700 0.841991
1800 1800 0.864664
1900 100 0.453858
1900 200 0.475331
1900 300 0.496804
1900 400 0.518277
1900 500 0.539749
1900 600 0.561222
1900 700 0.582695
1900 800 0.604168
1900 900 0.625641
1900 1000 0.647114
1900 1100 0.668587
1900 1200 0.69006
1900 1300 0.711533
1900 1400 0.733006
1900 1500 0.754479
1900 1600 0.775952
1900 1700 0.797425
1900 1800 0.818897
1900 1900 0.84037
2000 100 0.428493
2000 200 0.448765
2000 300 0.469038
2000 400 0.489311
2000 500 0.509584
2000 600 0.529857
2000 700 0.55013
2000 800 0.570403
2000 900 0.590675
2000 1000 0.610948
2000 1100 0.631221
2000 1200 0.651494
2000 1300 0.671767
2000 1400 0.69204
2000 1500 0.712312
2000 1600 0.732585
2000 1700 0.752858
2000 1800 0.773131
2000 1900 0.793404
2000 2000 0.813677
