800 100 0.376621
800 200 0.426852
800 300 0.477083
800 400 0.527314
800 500 0.577545
800 600 0.627775
800 700 0.678006
800 800 0.728237
900 100 0.356261
900 200 0.403776
900 300 0.451292
900 400 0.498807
900 500 0.546323
900 600 0.593838
900 700 0.641354
900 800 0.688869
900 900 0.736384
1000 100 0.335901
1000 200 0.380701
1000 300 0.425501
1000 400 0.470301
1000 500 0.515101
1000 600 0.559901
1000 700 0.604701
1000 800 0.649501
1000 900 0.694301
1000 1000 0.739101
1100 100 0.315541
1100 200 0.357626
1100 300 0.39971
1100 400 0.441795
1100 500 0.483879
1100 600 0.525964
1100 700 0.568048
1100 800 0.610133
1100 900 0.652217
1100 1000 0.694302
1100 1100 0.736386
1200 100 0.295181
1200 200 0.33455
1200 300 0.373919
1200 400 0.413288
1200 500 0.452657
1200 600 0.492026
1200 700 0.531395
1200 800 0.570764
1200 900 0.610133
1200 1000 0.649502
1200 1100 0.688871
1200 1200 0.72824
1300 100 0.274821
1300 200 0.311475
1300 300 0.348128
1300 400 0.384782
1300 500 0.421435
1300 600 0.458089
1300 700 0.494742
1300 800 0.531396
1300 900 0.56805
1300 1000 0.604703
1300 1100 0.641357
1300 1200 0.67801
1300 1300 0.714664
1400 100 0.254461
1400 200 0.288399
1400 300 0.322337
1400 400 0.356275
1400 500 0.390213
1400 600 0.424152
1400 700 0.45809
1400 800 0.492028
1400 900 0.525966
1400 1000 0.559904
1400 1100 0.593842
1400 1200 0.62778
1400 1300 0.661718
1400 1400 0.695656
1500 100 0.234101
1500 200 0.265324
1500 300 0.296546
1500 400 0.327769
1500 500 0.358992
1500 600 0.390214
1500 700 0.421437
1500 800 0.45266
1500 900 0.483882
1500 1000 0.515105
1500 1100 0.546327
1500 1200 0.57755
1500 1300 0.608773
1500 1400 0.639995
1500 1500 0.671218
1600 100 0.213741
1600 200 0.242248
1600 300 0.270755
1600 400 0.299263
1600 500 0.32777
1600 600 0.356277
1600 700 0.384784
1600 800 0.413291
1600 900 0.441798
1600 1000 0.470306
1600 1100 0.498813
1600 1200 0.52732
1600 1300 0.555827
1600 1400 0.584334
1600 1500 0.612842
1600 1600 0.641349
1700 100 0.193381
1700 200 0.219173
1700 300 0.244964
1700 400 0.270756
1700 500 0.296548
1700 600 0.32234
1700 700 0.348131
1700 800 0.373923
1700 900 0.399715
1700 1000 0.425506
1700 1100 0.451298
1700 1200 0.47709
1700 1300 0.502882
1700 1400 0.528673
1700 1500 0.554465
1700 1600 0.580257
1700 1700 0.606048
1800 100 0.173021
1800 200 0.196097
1800 300 0.219173
1800 400 0.24225
1800 500 0.265326
1800 600 0.288402
1800 700 0.311478
1800 800 0.334555
1800 900 0.357631
1800 1000 0.380707
1800 1100 0.403784
1800 1200 0.42686
1800 1300 0.449936
1800 1400 0.473012
1800 1500 0.496088
1800 1600 0.519165
1800 1700 0.542241
1800 1800 0.565317
1900 100 0.152661
1900 200 0.173022
1900 300 0.193383
1900 400 0.213743
1900 500 0.234104
1900 600 0.254465
1900 700 0.274826
1900 800 0.295186
1900 900 0.315547
1900 1000 0.335908
1900 1100 0.356269
1900 1200 0.37663
1900 1300 0.39699
1900 1400 0.417351
1900 1500 0.437712
1900 1600 0.458073
1900 1700 0.478434
1900 1800 0.498794
1900 1900 0.519155
2000 100 0.132301
2000 200 0.149946
2000 300 0.167592
2000 400 0.185237
2000 500 0.202882
2000 600 0.220528
2000 700 0.238173
2000 800 0.255818
2000 900 0.273464
2000 1000 0.291109
2000 1100 0.308754
2000 1200 0.3264
2000 1300 0.344045
2000 1400 0.36169
2000 1500 0.379335
2000 1600 0.396981
2000 1700 0.414626
2000 1800 0.432271
2000 1900 0.449917
2000 2000 0.467562
