800 100 0.732742
800 200 0.767404
800 300 0.802066
800 400 0.836728
800 500 0.87139
800 600 0.906052
800 700 0.940714
800 800 0.975376
900 100 0.707392
900 200 0.740855
900 300 0.774318
900 400 0.807781
900 500 0.841243
900 600 0.874706
900 700 0.908169
900 800 0.941632
900 900 0.975095
1000 100 0.682042
1000 200 0.714306
1000 300 0.74657
1000 400 0.778833
1000 500 0.811097
1000 600 0.843361
1000 700 0.875624
1000 800 0.907888
1000 900 0.940152
1000 1000 0.972415
1100 100 0.656693
1100 200 0.687757
1100 300 0.718822
1100 400 0.749886
1100 500 0.780951
1100 600 0.812015
1100 700 0.84308
1100 800 0.874144
1100 900 0.905208
1100 1000 0.936273
1100 1100 0.967337
1200 100 0.631343
1200 200 0.661208
1200 300 0.691073
1200 400 0.720939
1200 500 0.750804
1200 600 0.780669
1200 700 0.810535
1200 800 0.8404
1200 900 0.870265
1200 1000 0.900131
1200 1100 0.929996
1200 1200 0.959861
1300 100 0.605993
1300 200 0.634659
1300 300 0.663325
1300 400 0.691992
1300 500 0.720658
1300 600 0.749324
1300 700 0.77799
1300 800 0.806656
1300 900 0.835322
1300 1000 0.863989
1300 1100 0.892655
1300 1200 0.921321
1300 1300 0.949987
1400 100 0.580643
1400 200 0.60811
1400 300 0.635577
1400 400 0.663044
1400 500 0.690511
1400 600 0.717978
1400 700 0.745445
1400 800 0.772912
1400 900 0.800379
1400 1000 0.827846
1400 1100 0.855313
1400 1200 0.88278
1400 1300 0.910247
1400 1400 0.937714
1500 100 0.555293
1500 200 0.581561
1500 300 0.607829
1500 400 0.634097
1500 500 0.660365
1500 600 0.686633
1500 700 0.712901
1500 800 0.739168
1500 900 0.765436
1500 1000 0.791704
1500 1100 0.817972
1500 1200 0.84424
1500 1300 0.870508
1500 1400 0.896775
1500 1500 0.923043
1600 100 0.529944
1600 200 0.555012
1600 300 0.580081
1600 400 0.60515
1600 500 0.630218
1600 600 0.655287
1600 700 0.680356
1600 800 0.705424
1600 900 0.730493
1600 1000 0.755562
1600 1100 0.780631
1600 1200 0.805699
1600 1300 0.830768
1600 1400 0.855837
1600 1500 0.880905
1600 1600 0.905974
1700 100 0.504594
1700 200 0.528463
1700 300 0.552333
1700 400 0.576202
1700 500 0.600072
1700 600 0.623941
1700 700 0.647811
1700 800 0.671681
1700 900 0.69555
1700 1000 0.71942
1700 1100 0.743289
1700 1200 0.767159
1700 1300 0.791028
1700 1400 0.814898
1700 1500 0.838767
1700 1600 0.862637
1700 1700 0.886506
1800 100 0.479244
1800 200 0.501914
1800 300 0.524585
1800 400 0.547255
1800 500 0.569926
1800 600 0.592596
1800 700 0.615266
1800 800 0.637937
1800 900 0.660607
1800 1000 0.683277
1800 1100 0.705948
1800 1200 0.728618
1800 1300 0.751288
1800 1400 0.773959
1800 1500 0.796629
1800 1600 0.8193
1800 1700 0.84197
1800 1800 0.86464
1900 100 0.453894
1900 200 0.475365
1900 300 0.496837
1900 400 0.518308
1900 500 0.539779
1900 600 0.56125
1900 700 0.582721
1900 800 0.604193
1900 900 0.625664
1900 1000 0.647135
1900 1100 0.668606
1900 1200 0.690078
1900 1300 0.711549
1900 1400 0.73302
1900 1500 0.754491
1900 1600 0.775962
1900 1700 0.797434
1900 1800 0.818905
1900 1900 0.840376
2000 100 0.428544
2000 200 0.448816
2000 300 0.469089
2000 400 0.489361
2000 500 0.509633
2000 600 0.529905
2000 700 0.550177
2000 800 0.570449
2000 900 0.590721
2000 1000 0.610993
2000 1100 0.631265
2000 1200 0.651537
2000 1300 0.671809
2000 1400 0.692081
2000 1500 0.712353
2000 1600 0.732625
2000 1700 0.752897
2000 1800 0.773169
2000 1900 0.793441
2000 2000 0.813714
