800 100 0.376569
800 200 0.426787
800 300 0.477005
800 400 0.527222
800 500 0.57744
800 600 0.627658
800 700 0.677876
800 800 0.728094
900 100 0.356215
900 200 0.403719
900 300 0.451222
900 400 0.498726
900 500 0.546229
900 600 0.593733
900 700 0.641236
900 800 0.68874
900 900 0.736243
1000 100 0.335861
1000 200 0.380651
1000 300 0.42544
1000 400 0.470229
1000 500 0.515018
1000 600 0.559807
1000 700 0.604597
1000 800 0.649386
1000 900 0.694175
1000 1000 0.738964
1100 100 0.315508
1100 200 0.357582
1100 300 0.399657
1100 400 0.441732
1100 500 0.483807
1100 600 0.525882
1100 700 0.567957
1100 800 0.610032
1100 900 0.652107
1100 1000 0.694182
1100 1100 0.736256
1200 100 0.295154
1200 200 0.334514
1200 300 0.373875
1200 400 0.413236
1200 500 0.452596
1200 600 0.491957
1200 700 0.531317
1200 800 0.570678
1200 900 0.610038
1200 1000 0.649399
1200 1100 0.68876
1200 1200 0.72812
1300 100 0.2748
1300 200 0.311446
1300 300 0.348093
1300 400 0.384739
1300 500 0.421385
1300 600 0.458031
1300 700 0.494678
1300 800 0.531324
1300 900 0.56797
1300 1000 0.604616
1300 1100 0.641263
1300 1200 0.677909
1300 1300 0.714555
1400 100 0.254446
1400 200 0.288378
1400 300 0.32231
1400 400 0.356242
1400 500 0.390174
1400 600 0.424106
1400 700 0.458038
1400 800 0.49197
1400 900 0.525902
1400 1000 0.559834
1400 1100 0.593766
1400 1200 0.627698
1400 1300 0.66163
1400 1400 0.695562
1500 100 0.234092
1500 200 0.26531
1500 300 0.296528
1500 400 0.327745
1500 500 0.358963
1500 600 0.390181
1500 700 0.421398
1500 800 0.452616
1500 900 0.483834
1500 1000 0.515051
1500 1100 0.546269
1500 1200 0.577487
1500 1300 0.608704
1500 1400 0.639922
1500 1500 0.67114
1600 100 0.213739
1600 200 0.242242
1600 300 0.270745
1600 400 0.299249
1600 500 0.327752
1600 600 0.356255
1600 700 0.384759
1600 800 0.413262
1600 900 0.441765
1600 1000 0.470269
1600 1100 0.498772
1600 1200 0.527276
1600 1300 0.555779
1600 1400 0.584282
1600 1500 0.612786
1600 1600 0.641289
1700 100 0.193385
1700 200 0.219174
1700 300 0.244963
1700 400 0.270752
1700 500 0.296541
1700 600 0.32233
1700 700 0.348119
1700 800 0.373908
1700 900 0.399697
1700 1000 0.425486
1700 1100 0.451275
1700 1200 0.477064
1700 1300 0.502853
1700 1400 0.528643
1700 1500 0.554432
1700 1600 0.580221
1700 1700 0.60601
1800 100 0.173031
1800 200 0.196106
1800 300 0.21918
1800 400 0.242255
1800 500 0.26533
1800 600 0.288405
1800 700 0.311479
1800 800 0.334554
1800 900 0.357629
1800 1000 0.380704
1800 1100 0.403778
1800 1200 0.426853
1800 1300 0.449928
1800 1400 0.473003
1800 1500 0.496077
1800 1600 0.519152
1800 1700 0.542227
1800 1800 0.565302
1900 100 0.152677
1900 200 0.173038
1900 300 0.193398
1900 400 0.213759
1900 500 0.234119
1900 600 0.254479
1900 700 0.27484
1900 800 0.2952
1900 900 0.315561
1900 1000 0.335921
1900 1100 0.356282
1900 1200 0.376642
1900 1300 0.397003
1900 1400 0.417363
1900 1500 0.437723
1900 1600 0.458084
1900 1700 0.478444
1900 1800 0.498805
1900 1900 0.519165
2000 100 0.132323
2000 200 0.14997
2000 300 0.167616
2000 400 0.185262
2000 500 0.202908
2000 600 0.220554
2000 700 0.2382
2000 800 0.255846
2000 900 0.273493
2000 1000 0.291139
2000 1100 0.308785
2000 1200 0.326431
2000 1300 0.344077
2000 1400 0.361723
2000 1500 0.379369
2000 1600 0.397016
2000 1700 0.414662
2000 1800 0.432308
2000 1900 0.449954
2000 2000 0.4676
